cosine_scores.txt
¯¯¯¯¯¯¯¯¯¯¯¯¯¯¯¯¯

['tokens']
d08:   0.119897
d02:   0.093106
d04:   0.061577
d01:   0.051784
d03:   0.045677
['index']
d08:   0.250207
d05:   0.233073
d04:   0.098769
['classification']
d08:   0.250207
d06:   0.215779
d07:   0.142045
['tokens', 'classification']
d08:   0.277451
d06:   0.194592
d07:   0.128098
d02:   0.040235
d04:   0.026610
d01:   0.022378
d03:   0.019739
