doc_lengthes.txt
¯¯¯¯¯¯¯¯¯¯¯¯¯¯¯¯

d01:   3.941793
d02:   2.852301
d03:   4.468757
d04:   4.312757
d05:   2.377787
d06:   1.974093
d07:   2.998820
d08:   2.727447
